99454202
36580378
71383760
70422490
43700744
55056200
45321887
63065362
14704488
47891598
20604435
81248628
76605483
92785509
35320506
98951873
62511772
25925448
57161810
83962780
53047529
44816463
42883433
28591348
46722145
37112956
24700930
28338588
98665684
80269407
19256855
39622156
51228699
70398824
79961185
83872744
58716024
56115228
47560506
33771588
65499443
61192469
13314006
11021163
31534498
84353735
43033735
32088596
74911629
36583937
22811422
56134370
80748458
98163572
68013337
66789727
34965483
31420658
98749637
45040648
15028903
69664899
46952743
17918004
48192289
30742790
66277636
40623163
62658392
57668794
98639600
86621080
99233718
84963324
86909792
52121997
77578835
14006456
96468991
20234542
24217203
62684500
24654847
62727668
22086846
94369752
96342807
63684371
49019011
28034027
17712956
12213333
96059430
72397727
51237191
88991135
22181191
81072990
77569294
44197215
40704296
26716424
32676114
86228154
71550880
36134920
89864848
77848062
84437279
70452147
20603317
53746906
20662967
69488592
54575375
90374476
62700839
40254870
57753750
96450108
64802206
92672486
46812357
78274450
32689739
80976232
18638250
81775614
90569533
81530491
96376140
97983354
84502990
41516747
80358890
34646617
65828986
78877603
54343506
74639671
19135321
32285083
12717178
51636616
88349874
60467642
89897774
90112538
90203249
69020185
39715356
50834782
33228108
47542508
35495532
83588535
65318353
70380900
14645540
66547810
30108105
79285549
62731122
87227191
15118060
19257207
89788705
70341002
67882355
11880712
48318664
61282049
93268711
86048168
47174772
91350592
42830296
31785679
93345002
48558936
34010690
10083919
70793328
84343785
78620468
93543801
66154948
34725916
87225242
12938806
17973551
16763406
85333214
60911423
78923337
69160121
25059655
42399054
58587348
49695447
65765500
19950066
72492204
67134876
58356935
52700402
90046911
84351729
83091663
73095778
53920210
59947016
32226281
71279626
62738892
89052936
23329261
31683952
15158719
68454874
81392962
28092603
23448369
74492070
29304368
72822720
18064484
69613482
45138384
93487115
11249406
32104571
23795851
88452798
44760385
10617481
26068457
30958707
15002285
28202975
58036766
72756194
95477241
40172414
53849138
51037696
55016574
79017734
34228053
20809074
12231156
44951817
48725009
61336968
85587317
30071774
58713763
85684424
10455480
32631982
76386385
10659695
25128222
83254853
34765286
61668633
13738080
41962703
62909363
33890852
40214299
74318159
95789683
95494393
56947650
24679184
79562216
53530445
78091763
29227312
83899643
53400636
94113921
11703720
41012420
74680556
26557586
95728534
62690116
28103052
68852563
84275729
60449674
12577677
72563580
18093512
73396343
55922777
97043300
65540610
23317586
12659440
27274840
23759215
26548724
80025313
33922270
89375180
43677645
27114095
54671852
60593602
23997792
15377848
12774156
41429487
56581726
78867408
37080251
93884624
18721594
90106863
56906201
36276868
81239714
38129962
72884226
52316510
29594344
71808672
33906018
39056303
34283767
48021911
40377371
97498850
35397415
38984367
19151419
62538307
37907424
87320962
97991575
68452625
75738068
90510875
27445183
47551386
84959204
78971772
34234119
80694083
75392072
25719956
95531037
28616008
21298454
57682074
23252756
73322990
98401991
55063510
27562375
64933687
30144978
39737498
35915069
99050796
72674772
15372829
81030553
99194812
26645881
82500585
82649409
65613435
99963005
59133754
57158750
27527837
63854611
23860306
11688185
93286571
95544964
15145479
16965232
67701959
85840085
68738773
23209047
37790739
17545190
62665073
51446436
61939376
36671653
90094964
67940690
17897862
10023579
55509293
31493314
45656898
88733878
66318530
74434380
72951049
43856306
76424715
76500489
92072143
43586332
62970563
77796004
50642089
44776332
25136582
13992191
78330855
97288379
56023863
10204073
57964394
96226453
17462354
98455446
45223081
52450881
54358356
42137370
91906120
23157370
55728407
33379335
15530520
99234291
12614509
86554955
92708187
85804382
24563738
22461810
20167057
88348695
31512615
34836452
82658401
43315231
63750739
90354557
72097558
37391201
28222716
52713966
99661688
73195881
68647858
17575956
77944865
49339687
86930532
90729353
65457221
12468566
52141521
89347111
40799056
37307194
37052481
33447723
64549063
94602609
64734942
91665009
17707833
80449304
48378528
37882300
30028006
30509957
20610946
19198523
83528131
76234430
65470121
59765519
58867499
28828435
90200667
93340928
41755114
74921639
74496400
39679056
18672613
80139820
95221350
92056537
93385137
15126464
31482109
46221246
66683994
55315366
94062831
68581629
20676084
59698481
59700135
36096926
62502766
45170477
35304798
13081846
95796321
33246676
62862254
76794934
14533124
39609953
22066554
56064209
74507386
39720726
71338847
34037552
54596639
33483703
96012470
93700615
40920000
45623150
73450917
52920992
95688375
56950268
14584323
44381066
19136899
89359515
93771695
36244097
48434183
42116908
98097512
52002749
85682806
79097854
64766360
36652754
81138926
36146168
16014603
79270371
74318094
12826009
55661771
34844426
56926627
76037704
96296770
21037169
44954835
38328187
71425968
54341710
59094547
85744240
96591177
26138736
66567838
25255169
98653265
11393184
85200979
57593750
92909560
42762791
50933091
82141131
11287757
70638415
59985032
19344495
51278551
53096004
47215504
20039049
31695616
14431684
20946449
33180381
72104827
31986860
65971147
13830643
12778563
62047628
49767274
26114660
70273163
65347898
66393770
87850892
85723125
82761342
37518276
65832821
25572416
80781379
61275261
39972237
60401524
67453257
24710601
80479342
59680648
76216697
19469404
35321985
40577672
44058965
82148858
85185148
86200030
26483799
41827154
90102799
10954421
84252834
38312277
37660178
78040703
86141801
13101386
94589005
49818401
93291059
20907893
79999432
67855942
17693281
14508474
62329632
82376544
74381367
62115978
40114533
23657279
11190920
61017222
31431588
98738522
65867483
29915973
45430682
92272475
63317743
91591297
25774854
63875248
96344582
76381547
81819968
41126145
29082576
80055998
87118713
80459934
54644837
95877144
24716624
32425344
52421000
43111210
85938563
22189315
12485727
34790959
70613053
74250601
19291404
58981562
72267478
85476273
37394453
89215014
20548940
13600458
92956891
32043650
79890812
76912616
51743587
87307910
20986070
13824370
31486292
22804189
82356468
66948172
67679205
29699855
76150766
17487556
41071650
54196662
91674790
92435588
38854223
11961479
57655477
70336627
26115186
81321823
96877426
47861128
27281195
55226716
44976049
89328198
58268204
79969245
22193796
98188083
18906984
46096211
73779255
21444752
27049411
87746305
82392522
56554775
84918347
17944185
86869068
71200192
94603518
67427954
39573028
18034157
78151195
56293452
45498471
34923173
46657047
50861587
14216853
26888635
22289080
16938414
48205561
52209026
18224641
35395606
54021217
42757155
85681600
76132917
57140262
21266251
15500642
98083247
99205860
71460849
10899062
45164128
62111573
45040040
54952855
48018202
62719347
67923419
70861622
23628846
26904581
77882220
31357673
23674094
51657583
60815618
75341832
84532873
73451326
23242601
26127505
48169641
58053081
97082060
25583278
83636804
28298650
36063325
72555440
61048861
30781826
61602505
98871273
37297440
83013652
35515533
95924122
26777050
96608648
50563967
71712891
53670111
73033121
23168664
99836798
65798958
90450109
83646102
10950740
33215334
63466895
62245978
53893136
44803507
24617014
54480474
68300445
42413182
77878846
56994490
54100822
42723433
56297045
12470716
66426100
87275762
89312461
29942043
74650361
77466133
46915342
68909436
70649087
53597005
83697791
90850024
11905697
53785164
27667624
44643672
94097868
22202775
56447219
38411388
37146317
23647514
40254660
31744649
85506939
96345550
22428259
66277269
70304394
79652152
70843856
15982370
39960145
27708652
37471651
26618843
64857372
38997773
42654821
88908032
31930153
20654273
90418433
24327150
21804420
45556620
75121474
64448646
74582445
21221371
92666439
55770771
69938664
46127851
42115557
93714275
69039823
96844207
98696273
95308582
83363302
67501233
96417510
53178711
18835357
82165800
32352231
83937147
67007568
16339778
57486952
55757439
19554273
58799818
45080519
89630707
19506149
26362542
22372170
56813801
35448076
19173084
51458709
34185784
69791125
78081886
24443435
68740136
37700518
60904795
92542760
28697593
68310042
87031798
72163505
87626276
25000437
40341385
70705735
42133262
31641786
79659825
69597091
23950959
69676141
76445283
88668156
54518286
14481598
27050584
22751697
44538455
17328477
37138698
77343720
71270479
65504380
71206073
50095500
32836100
69248006
63474255
24755718
27130088
43364687
29822464
30829823
41785383
49820395
28497495
88435923
75080313
12525991
90091058
66481873
53610919
21053894
18864428
49613815
29729035
42125989
30931201
68729695
55385312
21474913
18081621
36598423
98790856
14706674
46881868
70004685
45125862
97744745
77610637
95290118
93777963
22783105
24895789
82609702
89114873
94959536
35851493
30528004
15860942
12773595
54274130
92576989
79329243
67349124
49230947
58798155
94947287
71855136
82683168
95710113
79453938
14894412
29374085
90549477
37113340
26023374
70853426
64419137
86211849
37268917
10563360
75215812
35641439
57641935
71243872
82452670
34152148
34819249
95038106
25431165
59182572
40156460
46792288
63920164
18332644
61842434
93402614
75918743
25691442
13353715
91743792
79216956
61111179
45591708
10301187
78539358
75160445
27551536
53498022
86183491
47142284
42481067
89171859
72139101
85235665
24097921
10364483
61828114
55308620
53674656
74979397
10712301
12891798
65283580
87107883
49568344
12527814
81433036
11678467
24416569
39850100
36732286
67966192
21855756
73620065
82137571
23504486
38414769
36890125
40660455
26869040
23239885
10746511
20929484
92576422
42146656
67517468
93478003
69880900
25926790
65939491
51892036
67259418
83350523
66470475
13756268
79760537
71790476
57992813
93934259
71453673
98588311
49331788
68291910
12914273
94957875
47917886
28319113
80536914
18460769
85643484
20172804
16900995
19652669
88838267
16794585
81604079
65861538
52474401
50723790
86462360
20845746
68166422
37459307
90067230
33825365
26156645
72300178
42861915
75032676
38665342
75695370
78673436
60974153
73900012
77395599
45310072
17404045
44670764
23358246
75433130
81403583
80899943
61452836
34610758
60796308
62736744
85939415
56549477
13296247
19354283
37114695
84234066
97196782
75744569
97605395
68857837
48235842
25113198
41151605
35573253
41992144
55033345
81693295
64859126
49594012
78216652
13705459
91348282
29023143
28362251
75896467
18291215
41348180
96022538
22691557
52391746
55073857
65849063
93596919
56919672
42654736
78905881
30383827
82086496
93001407
59214367
34284354
40591626
68035537
78302685
96642560
74456324
89783061
37947238
74557605
27048200
23151625
27697156
35979069
86414189
26367192
51301567
93683447
42332660
65104723
90272014
92509017
50513682
85017969
44515939
83745297
43922043
49829330
57019174
76409647
93741356
72452607
29275625
64859590
73955545
78582130
90315161
15735478
46584028
49283142
85993565
46152468
89162230
62937467
21060564
75306284
20429740
74556614
98870800
52111790
57539921
40074563
85097777
83203494
59206617
49571271
23791059
13649780
11634843
96665908
75042510
81912742
82988638
91975575
58062697
85850407
45806565
40533977
63243606
35415302
14300703
25597602
50168967
42065500
30835964
71068402
27187911
84182781
55888502
66089894
17519288
64293270
62333769
24254431
84852667
60789716
49562502
16799123
94367513
99594125
23613283
23085060
25320765
35784971
74854829
81554173
27278619
11306631
22177237
90608331
89676765
29946649
81995090
83016782
49255114
77379899
24922373
28985287
30594579
71413715
69215765
42074868
51173070
59614537
24493212
39768224
10810123
47031847
19334950
89483936
48101814
78325439
21118278
13247958
83010753
42500148
44952772
37019496
92595746
59030325
24747757
50529737
83879470
47416319
78106433
14493677
52407896
18651529
25318916
45849700
61002029
50015139
66851048
87201739
18413381
18803501
69463072
82733406
32840434
97803208
62395036
13283450
63734598
44248413
26363400
67878871
60867802
13751539
37541893
55172431
12177601
60140151
96209885
50293668
85657369
63462260
50538365
60577710
42351161
20884411
14578246
81417491
13278052
84315759
26582327
55107416
10867557
82654135
75438419
72929507
91544622
86861642
68383611
76432179
37308272
49638480
31025237
35555977
45128589
33743917
52846939
79932170
72711061
68454260
95005759
19149395
83209211
89600415
90654045
61484407
60788831
80630980
60238095
96159739
83509865
65321844
29839431
67704197
33301494
75604222
79336509
12993567
38013865
12833464
82770219
34009379
29065543
62326531
67180262
79672201
79302525
42044013
74389446
95707891
71056883
49084721
24885237
16326918
25880649
15320052
57817442
34408655
78223587
12285808
54092120
14202448
55886840
35076290
97271659
39676788
63569010
97260874
27322850
78732616
84070558
97664715
49960185
41386894
25172626
81574025
41051292
17254172
67209063
39358333
46262418
14233550
10133817
30404855
56949806
54585018
63216609
36440169
55516870
51174821
51559460
54148837
56463120
80347327
80273687
24305145
61308354
75998901
87685447
75769383
69145875
50523549
63197910
40288954
16815212
62322666
71367935
56231914
93397960
71148532
79918198
61900145
41145145
85493183
63085691
32386850
31439117
24620693
84891406
94082602
43161873
94928785
73401427
41444824
38565592
76234210
16904623
77488396
16075892
80504729
69030100
56736938
60232705
33910490
51521330
63484108
27904339
62284362
12049191
32913315
40782283
75050416
86857552
28579606
20011002
42162795
27722952
15700380
74446466
55666787
56750691
46492686
76951056
47821688
99051097
35503009
65589981
86346369
37563979
80641505
99390820
95356775
94307529
71434599
23186081
28349507
90718769
81120054
80817002
57686087
39352131
50323319
34584239
22136343
89229886
13541687
51482634
27759663
84509108
12501357
75133095
46066821
80713112
96029186
41762197
91026984
72902262
98793925
92450942
86473165
97536544
71075982
18530997
92719272
31853041
72324471
61864166
70034286
47006292
70072238
71717700
22064215
97692321
91697792
48482435
19933945
97355609
20756721
32908701
55786866
79542167
51848989
10256400
53315220
86448099
56844975
40405730
93025116
74802832
40176520
46639734
13187626
69824289
53707913
24824015
10945542
69588871
22588455
80032718
86459727
97138789
19572458
47973391
94491374
25847271
64128669
86281146
28628559
67414064
70438580
32159583
81824052
55853575
81265129
71737995
67247668
64757004
21267567
88390753
23357448
36871628
76423311
56973821
34419422
12641603
28006057
77578523
59679528
87062563
64693884
12227890
52152188
35198702
17935163
84688826
41038604
43828692
30519746
14028505
68832475
77345376
44126312
49060376
40702162
12672244
96394802
11609040
14741654
52993142
68856213
56185600
36919486
22451349
18022597
45113205
37290780
79782423
57974377
43546505
18853557
46360773
59455839
97024641
99685018
17294383
47274100
87837768
85878474
11618407
88372592
63932189
63502087
57300823
14698443
54941944
67066994
44389596
28669955
36736393
40479567
85860685
44783887
70596257
45155067
10916958
35278989
30322328
84410749
90134152
33673734
62663136
41729238
21655458
11846073
40835305
49456870
50906267
21047446
65303522
52263046
99942967
59315027
79657418
51733999
32331507
60935770
26628110
77398726
24790605
23454983
84335923
89760427
98253527
44804957
92894792
88574884
94135367
60365769
42078978
28889941
49103383
67081230
65204465
88362959
37039744
80125160
20626015
65791726
77764338
57629572
67618197
60719023
45254485
97606164
38785949
50804578
53030647
51501876
67141090
31489216
45087116
63085301
21823551
75267327
31024232
62524020
37571275
66188880
45091850
85614970
87591163
41237489
13703599
44267618
59375000
60572764
27945717
64303230
43310722
39384654
84927816
92226683
13848175
35509526
30340147
94506565
11921551
44712430
90646397
12084212
37612032
50512269
94774963
76396365
79219933
66577967
53076572
42836130
77375031
25698550
64495824
67268177
27796071
45738102
54812131
12723950
28313797
55618398
34098358
43787584
87852428
67292781
43838685
68297318
36467502
63241102
10581673
48147145
29341707
93368625
35960845
16374600
90025636
46422700
26587481
15998980
34767625
39375377
12348065
74140031
38487958
57935694
35704268
33705907
76994443
34946733
95571381
63071079
96876861
96729457
51629951
68646735
76784464
87611343
23549739
27078044
38740803
37196308
13917271
35798903
27415245
99324485
52396698
17186887
77370715
85088535
32091757
94020809
65405278
31297713
77892608
63647842
98376830
98693124
18052590
96275805
51062772
93052306
41372897
21282278
61909527
98946830
34332121
39136523
48987381
95012001
82613735
45639440
20788886
52079523
68166929
15908191
25849508
96583287
38921021
22563395
23914233
18382025
79136261
16662632
59574603
67664016
15125591
88248946
22523028
23775493
49237348
70245069
25128267
80214875
45214429
61476443
37638165
13882172
87761076
11693747
43097656
18738200
15410496
26378721
99458355
80386677
11620332
15838519
21762402
70383597
85700734
11891480
76752717
52540698
45467159
70541427
78412707
51515961
93166514
94146277
71398291
51527512
46549444
95150789
59591006
94736534
15523663
63786098
28419929
13623428
87910349
90929649
75292282
31463961
66288362
33024071
89314014
52429059
41591601
51281135
46908275
53113237
78134612
54997204
65200735
69899461
50781198
14526475
39130986
89456997
29707845
87726947
71849379
13106094
72624119
97466033
69679050
95289397
15475700
61466922
21302031
90468582
72057416
88241238
59048471
46356276
98870870
14814672
96360603
93389097
47818239
56650939
90036860
73122869
28043451
98023456
22218704
70738388
30567749
68470012
26215070
95373406
53545043
99936033
14117350
66951498
35064269
90671632
62917810
32750261
60941027
49341064
37328214
56958328
95769375
53531228
98287503
95146751
68089512
99609641
64862615
37589345
19795249
39341614
49650531
53333728
97951561
26530543
54980711
64006508
95748476
12893567
73335553
10314056
69815525
49772690
94644908
76787284
25168150
77725344
16534753
12074328
67033473
75459694
70098558
32406110
95019614
60739382
87797167
99000088
45804413
96156616
50104887
60200933
48642196
30179983
52128327
96106514
99173369
16401703
76770642
92663514
31128370
48535250
86304927
26624005
75038992
91040191
56366444
49181285
68325850
17073971
83275377
12195730
66883539
17708282
92401937
94951749
34298072
36139467
42679538
87508412
98462906
47831625
55290636
53904553
33821702
87442422
53452572
88713551
25463986
97850100
31144699
80610335
97720831
38448327
23802572
10564821
96667572
69077772
10917004
56115336
49069428
75622447
59521807
75055171
80868245
59606890
51841039
16453990
54100472
78658472
13464636
36409898
11989612
90088700
77052793
74394146
20235241
81835546
55031350
21423866
94685682
71968326
35722759
29556649
62248747
19030077
30471624
89504443
79671001
40051814
75479361
57695703
15538662
85592949
68273530
23125735
10558330
12186943
12484491
25873641
99283478
86171241
90782602
62325395
93805426
15416038
97075823
46817612
93265592
67331259
71972594
70776126
47828715
81024817
82641523
71163210
59699541
60782910
18888706
88718360
84187733
98177326
32163288
36515799
54933478
96786245
74836389
52963573
90588355
16404164
18473198
75852346
53543403
84037741
90273087
41954812
25447301
29093412
58281998
21791232
37613387
78504280
30073426
77196101
32406938
43716239
77762801
19750992
31271302
83899772
88715992
61399128
63748447
12259010
39142926
33061848
51463986
13824752
74349537
54986647
38203550
50060393
48829883
46284992
44342296
85293704
73822964
70462295
87001450
94795240
56956330
54694845
44826489
12974253
39455024
26395126
46299864
33587885
16713891
17326540
29897980
85249731
47182021
55136677
96686075
42497679
18429787
77283649
96842168
43938843
96364498
51030191
62482534
11443259
97087822
64815458
97408942
75278655
44304757
23538997
16163094
41169540
31468576
79943305
60530169
33742042
55513612
90593364
81419688
83553734
87237327
40168123
42181380
63673134
71842419
39904902
20886019
51597282
15361307
96327701
21358390
97490766
86562610
31496077
49468914
52733328
99236747
19838588
73501542
92101315
65371159
88488911
83480833
60035920
78292471
26954561
32762353
35767588
16761512
27519696
88809115
95897488
14361242
59423585
13412832
60604699
32203471
35746419
19893314
54234237
83875823
16722014
71063216
47452555
25578898
12554864
50688838
63501925
62023917
62822152
13092188
29836870
38051880
96421360
84054265
88944023
95162956
51614046
54911995
36517036
64689756
22291973
28566274
40919561
79838527
32257642
51600129
98946478
65016114
88162882
69961071
33300161
99660947
60308124
33718457
81923356
89306927
11350274
32538631
14864537
99916327
72645293
68003740
58175652
44359179
68183937
24070650
57566436
16661131
68349878
45389171
71208650
69927264
65815188
48097600
42440252
28971122
42700754
96886954
14221076
74933684
64027154
30860545
83470841
19660961
13186663
92541919
99920529
11950663
47271916
58483443
41332429
65750831
47405653
28454992
28486445
57631076
78515692
68311781
31559651
35027953
80063371
26623473
72369114
42617679
71810117
66140509
92391044
48325919
47323880
39702979
82523716
85231755
15065493
53890728
44770993
80448261
50242198
93237412
93669230
69064234
99706730
48862139
65769083
18714129
95746084
87055764
73184924
20016849
14836639
78884792
12355891
53547221
94617813
88718003
59917463
81723975
92827846
22284525
95790359
43104275
17331411
72259234
78844175
56440157
88052879
51883152
38891459
11750335
92313587
84804561
89071947
95670889
14132015
72210179
41229069
62935388
96349940
32772729
79367742
75782080
40377293
33834145
59828148
10438125
24139873
61759435
31196891
21545563
64026690
83931066
33674585
17392145
92691910
89888394
84966739
30235249
63476223
40095596
53527630
13473403
42526648
23804356
33111660
32463803
57699607
92651794
31389489
26043361
60324354
89227684
36636894
14197228
39292648
22275937
91315088
86944504
38728454
33005122
64565074
62102883
89855194
96552591
95167947
58561237
26978005
70192739
97486356
13178959
56305282
93686981
59510214
38583368
97104142
70662728
78055365
42121932
53498288
61853134
43356939
40277631
37175316
55054320
96597534
13967833
50670416
31614338
83931450
47684281
15224119
87446379
94936097
92047591
26671496
54226334
32947668
16552958
32281093
64002433
78701880
49136425
70487880
36039416
56543167
22121973
94065549
97252230
52974880
57136177
59199451
16246020
95618927
20123536
43240309
54385393
67219173
10541250
68396147
17369123
60470879
92122791
50154613
76534570
85029880
94812978
50847262
89798878
56876722
59666178
56466378
31252989
60346684
98784253
54045370
22683296
11546854
92478081
54346332
68839032
74907937
60692562
61913883
51099387
33266683
71200031
81799513
24913515
62970022
78110603
22641062
54624596
57435100
29976883
64490566
78372825
29940006
67720433
47723306
44945782
60472076
25118064
89932607
25651127
81461956
88826290
36365851
19737932
96682322
45370964
61848256
30263935
45549399
46222890
49944038
62819392
94175566
67370630
79904267
35714088
50827464
50918341
80555064
32224959
89067482
55666552
37473429
93089662
86411030
46994714
55348811
29231818
78049424
79515453
37738524
49698646
48742183
13163845
22947211
63139367
56862079
57153486
35331526
34129532
32472683
87333119
87367551
90156707
65507318
31595746
99806596
83681974
84184579
33757010
39950259
82327608
91198402
15687700
94374388
51382626
16481818
92224865
91789623
59796157
26175923
43702940
18006127
24339991
23899947
49157890
27694375
83621160
97971770
87859587
96852430
69506319
67475818
31354774
57204812
31365313
84210417
30086965
61962564
40720897
89256818
61902308
82672822
14669523
52018208
49619214
20561284
28243232
22086941
38441977
58667963
35129832
54495099
36892551
43974504
80105829
36888446
64615708
37971035
13017542
33275532
88632828
68077799
35958385
12349785
69136606
16995899
95007873
72169895
23344502
34996672
52203381
95726309
53897138
35547075
48240137
22815506
61005558
30698363
37159706
49952755
63412988
21015593
77711049
35558056
51218805
80823865
52557441
33358807
62554847
84509952
74609657
33202121
71841596
66353138
87589746
81972526
41074545
82096113
62308621
19588923
65906450
96747226
93940644
46259883
10693354
43089159
96546919
32272779
94927594
43892992
44737565
94115468
27090446
50743349
45019979
61148111
13712703
55911911
92367330
76127083
21902003
47073332
43590566
46261655
30312789
48033010
13012928
51062656
42492902
80453745
84933078
73313880
30956168
16671422
22790605
32108261
39832965
13092814
57282221
18791793
98663621
45920873
41019539
66175517
43781084
53336924
47231382
65057302
66682505
41754995
88005518
90856883
72406643
26845762
95418327
89237296
85908673
86061904
13601129
93505189
82971382
49337718
33794446
38405781
29689355
92511007
97793280
37431129
77975041
30342127
70586409
11479661
41779866
21858617
94534787
41310627
21004628
67462234
98145154
40280555
18911719
30918262
59444544
70316162
24432588
98698587
57943052
45069950
19356510
96568063
83101803
30434358
49569372
85883599
49566036
12530557
27335196
14361605
71709279
11739182
58817151
72696929
91215250
79746278
88319539
31425992
30997648
45149392
35783531
71461817
66060897
30904384
69183153
45807197
19071350
35606032
71698256
57114013
30880024
33813678
39451283
74577560
73214365
90656921
43200064
19724816
12540416
80113535
59601046
39918372
78326852
14159004
71800326
67018608
88417449
55560218
47026762
92988889
13526050
91183018
46963705
40982870
87258540
62178513
54668261
69937208
58508583
54361148
55251530
51360970
52184373
97311323
73061219
82141918
48742405
29695194
22225157
45468327
76256903
33837922
15164803
29713917
57735330
48469436
17744956
23979052
18486582
95852823
30929066
12685917
15423287
98117754
85408248
38402954
66838059
87058624
34987911
31514488
96903036
76202181
21410212
59238316
78699608
12095605
78488488
96487957
93900275
37234372
31746484
88674578
66584582
27843926
97278193
53547755
32124258
52808357
66260261
22958773
46939254
61280016
23958935
67777065
94501098
61225371
28020163
91622448
95855556
76831559
93831236
17359703
64013606
37458636
60264080
14885590
78147491
66356898
75775843
39666030
72290980
40066533
86436087
49064486
56627330
23167381
22090188
34140248
21171433
35921359
54922881
35486408
56658261
53127265
34082769
78652757
25702040
47403892
64773324
88994100
66661576
96010899
64000009
38627955
18060607
38937941
42898513
30863894
96666536
33000163
62415145
21970117
42715641
99148765
12002201
95491566
20083578
40661056
93616187
60439113
48613386
39849495
96568188
85189253
93067865
25413108
99310104
51920602
82737247
61680534
68203371
40350301
14175407
43306637
77067192
98614010
85412472
51779550
65354543
61434118
41348434
17437079
40096400
18939918
93625858
22942070
16371296
74704848
37282780
73125142
64112716
17403508
77176549
63522352
34705996
14047094
81040931
43795270
20012002
77009849
54616303
42138783
81770425
82474189
16351398
94031670
52613916
85349698
56053074
37131236
94941715
90160382
40096629
51965480
14756600
93219815
29643436
66317867
66700837
43641647
14721703
80581871
36303259
24076224
40614818
54391663
71685780
45653303
81721697
82871557
23646928
50196592
23198538
98084680
67946694
79938500
23332019
22212057
77396066
56205102
87221779
41744730
25827540
72841569
90390177
87663658
96061952
89990602
84213308
58433576
54136576
57085995
48350763
49193457
86460850
33841101
46539438
97268963
71000376
15445082
78199313
73403559
79375788
26647665
58498743
41970184
86081254
37089869
33176561
72629892
80755111
48819122
69493381
23995608
80191317
59755253
38382362
27957110
43261881
61625475
42093688
84279922
91741904
74176068
85716264
52003561
81695813
16098781
67925454
47674242
89159564
99196537
31545207
51274046
46150982
60632263
21634084
43601861
46158461
16629609
30869643
72491999
96495681
73115718
54242354
32796996
84973728
14718128
45852765
63219393
73576849
75641892
84271806
65436243
19281580
72323552
90216139
60980305
91121863
13950443
55670154
39333099
41771313
88234312
13535108
89315724
15784045
66304920
77793325
70091757
76322083
45722006
60279277
88088486
55549498
34867107
67936598
37785661
45899309
64745681
22832676
70574667
33048317
98539253
59730422
32126759
27896344
33262870
23151866
32237752
36246857
98054431
88240622
46178499
64506782
37013838
55654393
69650682
81824008
67741388
74385648
39959061
30255344
50193264
47173604
91057806
93413658
46208658
44637134
35531500
20323693
41363324
27733535
82692958
35568765
69935317
55834066
10943194
21814376
12497567
38532618
43043562
79125868
57571241
15712414
81102604
15467028
52608174
22943247
91589374
53613424
61054319
64619074
19473260
39452991
27983439
96584924
61505631
40633658
91671815
31364259
52656699
20853130
57602751
38582917
21628901
81628530
12040605
62207219
61972398
91181705
69842182
12135934
36560321
21279644
11624096
11475209
29269927
47092804
55623496
77032649
90662859
39792119
64565569
96698814
31624653
59629509
24698539
69574147
95914207
92605762
34920879
17065731
71610557
24103266
61270240
35120275
17536611
88365189
91032773
33855956
98286618
13788809
54659943
28930542
77425244
73386844
52754607
25556823
70168972
89652123
95157371
37537076
71601243
58292854
26303012
39409544
93616844
74845172
41979288
55041980
63009723
73948558
40239169
91476616
40785303
60311037
25221551
40000623
91733004
56263238
16167750
82262326
50455926
26088575
53801410
19930945
16868902
80557498
57211907
32513384
68492158
38606005
16383414
54625507
44997137
48876545
77510072
65406488
18677127
83961102
21083612
95538407
83662193
97523992
75301395
62199950
48554853
63453316
72829894
57299118
95379373
56401370
70332741
25952955
49988517
12089633
27817391
50169953
53380530
70041692
87519386
26547756
60531532
44747637
14722029
75189824
96059200
58277079
14455187
47497699
71138640
19602443
76977079
90617629
65610735
47725074
14228499
70267636
65393543
11009876
20298445
10995358
14222852
69871695
93859288
43045853
11742676
38680838
33360430
48508896
47393410
58546636
58203262
49383853
14153026
61131976
37213069
74460398
90171239
49778873
27033125
66311780
23416833
79446217
21857806
79051740
36768302
79423763
95619806
99988874
48507143
91013540
84877564
14630181
82783733
84311081
23664572
72632190
89478869
52612633
93862996
85144243
83806381
39842643
96254947
89866632
81820010
49108086
51137146
60036749
57976895
40166759
35316475
69572944
21354395
83808978
57508826
13894318
50436432
91181623
53737071
13241930
49972406
67026345
27896099
79631934
26566995
96837362
59746746
74293315
80349872
12853359
69868365
55217181
32909428
75300328
21691982
31309357
56785291
15152219
89944755
71417654
26341588
92760227
76110158
49570610
78816252
30243797
10926549
77781623
36231281
33255494
85884449
51974440
62174744
66331841
69680375
42680778
40976624
31727564
87674713
14077563
15993134
44353206
86637794
59669970
85962028
71306072
27090184
17446750
63205743
41200022
91720280
99102732
41197879
56967245
35125915
68152787
58118639
31938833
75936039
49036099
35283103
45541143
79491268
58493368
97129072
29783790
16413640
85030312
85279659
56363818
37535342
16278277
24946341
44388926
15007664
12796040
50664647
59907037
29757153
44008107
50305533
79617620
39465341
60523976
43938027
90484141
18412650
15554686
17989201
14465465
94231744
67317046
29366949
97737838
65173386
83319092
36317540
68027148
59474593
16066581
93326690
66575052
55052507
65911339
50114830
54073575
56090064
70094717
45207716
73223699
78672485
34301529
50378210
77183872
81238360
24063632
93765122
26870653
23293542
13810238
37918495
68294328
72659229
94866193
45203932
11094219
80802436
87233575
37166459
16036487
78777883
51708190
14996739
28787543
19707635
90981791
10972842
89407286
50658232
14586431
94489419
42206309
66044265
75634279
21552755
47297416
82036073
80671040
70693328
52063183
16262101
42778757
20473758
74233267
54552863
11991380
47803004
10252073
47600317
68271641
96682850
99713732
84081135
63771081
79230751
14820027
12485727
47351399
30158338
55543963
58873231
51748418
74781190
75755416
36520506
33964418
61129476
88563404
31286831
28563512
86599053
52686964
72926440
56217482
16509956
72413050
27475054
79451134
71118150
99427111
12968371
96396236
12315195
44961525
38577940
85126842
74537324
94457206
96844617
10086113
80248012
57976046
88159723
10627234
11271106
53330983
90623551
55687052
26380995
65011671
89443430
23851250
33006042
48970164
22564032
74424876
83896914
84975224
32879283
28366613
86957917
18949918
24732145
33054059
71258136
71076118
17179493
26466745
48334898
40338177
16758013
10004844
91451335
10610069
24007004
75415884
99902498
55252411
19497616
93347547
93722749
48313204
84604490
63488136
65400934
66530017
79235359
76769680
71069612
35621651
96433167
54957537
65309932
26415807
23443745
59976331
95319980
91237887
76068591
17098013
23615382
40770296
15624019
78582432
42441510
43595971
98651309
53138114
17390100
63156469
91562398
18302695
37387244
95278787
97393699
61913011
13877195
10685258
18532091
83433453
11157898
21307427
12638476
41560776
42446460
88892083
46219802
61695368
20846039
94356717
95595546
79299828
39040945
39842043
63733987
32749147
60979535
38489726
17843319
10305428
38056593
22082095
79064643
40840382
20170155
83713372
98071651
65119950
70258879
79396714
11678363
20907946
85953709
43295863
40192382
15514457
56614602
92581210
84062575
74525014
28244238
16041495
22139006
53217589
64859664
95781258
89567283
56057604
47052435
25979691
28625518
19386074
13004781
73080708
70426972
98345381
68211842
62997301
73570709
10072754
88116627
68981455
86606720
71657864
57598009
64839346
87087679
71282874
21824691
33884162
36078851
27967111
19702477
50169685
76251389
80624835
62467977
23764937
29417633
96216319
40641991
94287572
34699915
98746419
40833553
40821838
70223842
51975304
63267521
17338095
79962374
48419809
51079747
89862928
58035467
45881933
21628773
43539873
54877905
52220930
58600313
66836402
77796430
39226154
89541673
70630277
15744050
29743712
93649680
88615568
33771860
19522039
23854889
22079426
34730455
59693704
64272651
58013966
79092375
36257297
38197959
44080414
65357707
41877587
96435789
69549508
88257065
17729098
62209719
33517556
52742593
41196684
21010986
11025912
24913933
11267754
62375667
63000310
87343030
16693773
91438303
37755285
32713733
66426933
20380519
43392811
89152083
66335712
14998226
13041053
29964707
27273427
67151224
24929843
15491416
31938247
78837378
67339202
46214026
27509343
13329731
56821787
74171440
73301845
76601456
45749433
25228739
58857948
85444430
35910485
73537880
79685155
43908255
75373631
45221800
74320475
31945716
26947858
40068323
81621622
57939759
88881115
19279336
17049946
99326568
98665235
50833280
34710745
28905135
78121856
70868244
21323739
83651117
79398250
64130974
38492487
69527849
74676045
63248128
83977865
59209691
28411729
77598701
55047813
36336628
57756300
45338469
17004704
33438708
61545415
71323917
14677798
88361362
91581277
88382556
94101275
31165735
22736373
20887014
90143196
27479263
79324183
30301497
24141648
90266266
10798637
21992242
63621936
85967421
32900009
22137463
64400209
44292157
87926956
15381487
19350098
94162969
12790540
14920278
54284911
94467453
25174764
72157497
38865411
95063078
99124976
31621735
61286775
71898103
84425338
43595971
33449701
80448695
48986732
57161561
16651353
53716789
54481633
90058080
12404075
87824844
45355055
39660509
35600705
62302991
12139505
76566387
21312076
57906368
60509845
87910108
63268832
28375094
78406554
28633356
11202203
11958698
52278071
13071814
66034106
40939682
95749956
84234659
26837167
64864906
38035635
38674534
27149739
89716501
96130418
14321158
12488908
27466730
97131574
68445595
89987675
97042137
39625716
93490844
31787371
13945970
97306962
34256892
52176233
10696514
74905248
20194997
13141476
66170437
76913120
38463896
54062240
32054448
54314828
43989538
38557590
98539941
12003037
93469872
88799661
81810906
19818319
23671382
55331256
63159115
36605542
23835754
75570175
57500779
96720628
98940369
90463846
93574010
46149315
59007960
34407418
84969880
81428342
24159688
75412095
95279087
74179675
65864673
39585527
19248355
13735059
33199371
83647306
45213523
94248199
44000509
95001501
11439928
79483879
52467959
24670083
98157043
91502032
70055332
29601020
38793768
70820766
91198325
18187890
26242910
54271036
65285173
90318221
90734561
29444435
87553000
26169813
90996646
25887777
37407028
82717106
92736587
80893809
70176230
37040110
64722842
46170479
61164618
35945554
30018580
64979751
22882515
41948475
77413423
22212856
60743269
64074201
57585988
56410903
45498415
51477242
24516567
99866816
17846282
30619126
18654613
21362087
38341486
66952281
64970001
10781777
44986313
13642061
33683669
64559870
15982156
53379983
54890079
29986524
58864835
88230832
17937576
57231865
58695682
81216820
77284786
72353013
77569443
22446845
84711165
34427182
75535263
31757076
92711782
17400718
49765314
52182025
47564392
18005196
20009278
49695209
33922677
84788209
61102987
55517515
72483568
60827401
36829578
82628517
78085866
13907786
53325130
95037830
43688460
62334710
24353693
60913629
69672911
34158557
64019070
71911871
76950726
27120337
33157558
40288169
90938865
76498515
59651063
93613177
92006425
44824704
99212518
24152530
45716326
16834459
63849138
11692257
69087766
36341411
57163963
65054210
39847642
89513576
86691771
31773072
83155939
57275421
13260766
59460280
16901428
44391248
75639144
17380300
90535165
83063125
54514837
35014736
89099258
51667720
20145600
74451040
86174299
29513741
13905440
81797510
18761625
73000787
61121473
72095160
87502593
65644557
84143852
70257601
37830244
83204282
34324054
39088567
45167568
98394582
37829182
24280253
31463193
61710713
94223439
18132811
50589008
67726363
80828706
60754513
17127530
29082797
47758920
61463804
55669422
13247874
81893434
66114442
57703759
24511097
92128441
98623128
78556434
56050919
68459055
46385533
66851970
72133324
30528752
44455346
16948597
89707657
64461831
62118025
57107285
55639152
23502308
80951174
81094042
47370702
37198543
33131726
37579847
33124755
10875876
84685509
80322286
10302406
58210084
19960361
67581564
18211386
37163059
83435842
19601783
15167693
49885612
83305697
60309726
88653984
92612097
95192413
14101529
32203161
27230192
45241456
89903799
62322581
93291488
41396168
41471970
79087933
76241369
97203336
74899474
15944141
56118721
53213875
36098307
56442457
15631125
64260229
68358738
87143763
79212172
16643632
27108411
33269738
41820889
98653478
75037491
80888319
64412259
73306359
36773600
62222131
20733570
93241273
30978788
53021223
61178866
38000567
10054966
62185959
46469172
41698872
16971326
20101434
93366754
76684136
84345520
70229308
74667157
78063168
11349291
54565723
55198192
24564816
32399072
23494144
51230347
12511778
80189168
35974547
30947277
62330902
86325412
48627532
69647963
54518576
11347327
36179049
10843398
66838038
44839547
43098298
73474276
87228941
77485102
84382303
51946854
32404876
46184979
21837699
12256950
47817735
25896437
32112779
31605321
85637183
87797229
47884906
63162029
70302035
66663783
14511900
39373568
15825989
11367170
43418963
86984079
99818247
51948696
46256720
50728341
71779150
63709830
52945647
34409273
20759417
61447996
28006736
33726228
80869301
79230584
84450739
44928612
77371642
66087015
90458993
62858466
79220769
83873959
41705294
79546236
30847377
45452524
36238735
88486964
68965846
23161545
57949193
30172287
30376414
13005247
67659610
55608078
49549131
57937076
22056844
13651786
99403191
43076430
52695636
22518074
60304256
22769994
45294420
44892745
69175507
79839696
38711809
59464771
40359025
85718230
17472757
82516541
30327368
82476549
49519080
68156840
34541856
95124764
45310617
88767712
14940250
12195367
73272130
98632289
48578382
33104114
85697535
58246280
12221278
99561254
31597581
82287190
18767824
70698160
20020905
91592471
52784573
18961355
64479773
20664832
52273980
87560096
54196367
16046678
32252812
79245111
96054517
20951256
52530659
32350010
51809268
72663388
12110806
20272054
52180897
59178747
79970871
55139125
49160959
18507708
90761002
43237997
85492494
52039552
76389039
62847112
75247456
15598316
54738693
19942864
10145223
80407718
97264159
28336686
52601156
90349409
29930678
39911605
11314837
82159756
36530270
24792402
15703758
57494220
20933728
69593703
53800637
90661872
71651012
34773230
89836788
53235483
68335223
23950977
37144122
42347283
43882026
29889476
29327884
18851418
49549309
58492540
15916808
39978122
57542747
41818919
82873170
75503529
87540153
76190499
31803233
19557164
96485292
91599304
88999127
81762354
43994353
19594478
21336999
46676405
43777776
86945062
38094597
80592433
36807038
76914457
48669732
64707554
75825116
37599558
56786231
79824948
42828299
65660666
29283954
42897277
18954291
31190713
68465323
53363968
97662723
38946578
40292620
20217013
46017184
73661072
50250940
21255281
33562659
85671247
16210845
15447124
74018918
99060100
67767971
75557045
31758906
47473057
76400540
57890488
55188618
98289222
95477352
90501985
41884362
11964347
44991308
45950905
25897665
78218867
37080604
37661661
82221944
90805891
69926184
63020670
46466069
25062329
37047557
64103584
43600850
15839369
81474799
67741243
30448125
48596857
96951173
61664125
84493816
32731019
25156624
44921736
35523802
65415845
72308955
73472942
58379206
62381250
13995663
91308017
19749086
56369472
17967395
14816572
28788350
89803071
70397630
49265364
40784846
37802562
90361767
50526966
47558957
10439715
32845794
33353984
26309111
69429105
91091101
62468356
13659504
61715043
17368509
47169109
39488537
54899379
37700529
43027034
22059986
56314854
70994621
15633285
63989672
90937463
57311004
42400257
75529208
14684789
48644421
53979141
48397514
66671706
35997044
54948623
77920892
10790654
95763104
11788150
89266072
34719791
77592883
29749532
32968748
96268427
31112934
94416843
51523680
49750304
32447453
13605451
67361022
53331527
95630905
92071155
89600973
87280113
13762804
67610317
80849406
85482336
74384146
31033230
62513948
48781893
68111094
36563286
30912240
53647231
87104183
94882458
71155345
48131464
14493165
79962854
87010331
64414082
10686647
54000468
68807198
92326774
68068520
31878357
38586041
71448106
41453274
16325017
31796582
59008104
90944956
73090806
72784123
34297072
90577807
63887095
17029768
29483428
60148882
87027124
65154843
96911314
21902251
41251694
91675470
19720994
54432915
90877351
74614189
49275410
94938672
26306167
63864444
30316076
38703264
76767647
42645211
85751085
79311261
22910834
56653769
33685023
54106365
71695379
52343677
18178882
37106669
59373489
35941427
40027850
32038967
74145606
90881912
29646547
88477336
86755508
20945347
69006694
31569856
79831269
90506423
90884839
25128884
58298818
54736859
69011767
47075950
39541862
24314977
98736299
81524269
22076171
53811639
68038872
26188016
72723606
60512538
20164654
32798291
20660804
23320411
46008001
77652552
54084320
32140219
79371782
53485024
34307761
13752814
82153084
38179545
39906563
60117736
62880851
94035283
36558361
60828642
67961434
53935780
63849232
97281402
17127262
19894192
20654291
69813125
62276020
74009167
15321309
15601023
83438795
24695100
96596808
21710700
47406080
10447211
14278337
63763044
43262996
63932714
24386436
81977384
62634784
48835068
86440645
10245878
74567521
51785475
63641081
55001041
60277144
52059461
25229986
11389608
56276797
31917603
52764029
23605605
36513052
11709549
20234225
51047323
12335762
99588298
17906194
22981623
29171729
95947528
72270509
40955951
83826993
97553883
71077612
42965451
68801554
27350856
60985439
84855462
40762408
88706285
12761391
53956447
84719010
10305095
52126618
28384190
31178056
29778397
26914670
64782063
71928202
15236833
98628522
71744261
13434558
32353479
17431648
38416161
37595188
66964668
17683542
42174786
76140722
91892924
18614377
15756846
49760685
38613787
22249323
54800008
10008079
49637408
77595977
11616703
70583436
20362504
31417681
92712113
60672316
27477274
11123012
93358816
96737545
40553274
12101315
38462421
81331922
62025548
65969976
13442240
97041274
12558817
23472517
73713284
68470917
86774948
14367660
68807807
95043777
16388907
69373745
30327508
20021788
59701029
69257706
56328257
46008544
71235848
22645550
85111247
16385151
39984686
39085803
91043965
38242001
17383812
35653980
57551083
40472286
23622918
76199361
56818756
40559974
92343952
66681323
83389285
18978368
79319758
28047917
51138619
12468631
19709592
50478333
19277945
70890000
60423964
99717769
89125172
99117937
56656369
56280403
56678670
33597240
27478868
25317235
58839333
17474597
99027662
73893955
97736460
88528177
79967868
91520652
79724386
62002760
22808749
31884937
95901337
79225217
87969339
93298788
49229933
17695956
19884986
22427129
39848197
92912183
90782255
88516091
52814450
50357866
76914527
85994468
25691477
94268996
55977343
45553089
26422309
23632741
43686592
58423636
44202208
95787157
97955116
93875105
33124043
26104103
59017719
51952199
34523104
48053209
29224464
36360339
20286688
57953923
92821560
91349473
56773977
48743280
40850737
65841243
94733554
97639932
20106753
97331589
98974462
23213856
14432629
25309434
31269267
42259678
64158213
13566368
53318592
57229183
87270579
89188005
18808732
26049465
38440068
26778132
46953606
35994118
57003704
54188016
12873660
35877148
66290737
77030069
22920131
52329882
21169809
41555679
57171707
15237100
90279998
67368786
19444335
59230167
85871042
58076642
59064308
36127638
87009354
85058453
15168566
62950702
53456799
23132169
57268845
39624834
54033946
56867557
47129548
54426912
46447152
36555621
81828987
54092657
48475473
71691479
45130049
54832875
77937521
44859122
93649333
34949102
87792506
20520525
79274429
68820576
22420806
29456859
26687458
17392872
20355101
37917433
84400288
50363994
49281288
74826818
54975523
64512795
33133821
74717136
51341025
13055754
89548590
64054434
89855275
10464729
89411565
57807217
18939857
57296942
44036154
79348963
70377985
26268571
80530495
16167973
82065086
19600186
13246961
75491510
39807196
55774297
92130330
86546316
56682519
49429947
62091821
61216916
96812513
32585137
11419595
35554660
30648300
85698015
81459850
25679942
32627213
87779846
11975144
48692443
47547325
92583546
15321852
50580808
54225805
46011158
53921214
61635909
97327284
70011752
79352461
45419061
58746053
99023195
10545276
34497496
66293827
87039011
10997089
26913117
46975170
33646234
69516162
44171567
67020128
26012695
79339383
92316519
76903628
63243835
48814582
59608676
30449315
68525961
39278927
18276133
22252660
74390957
83304916
25400513
95697746
19607680
76207289
50144005
40145883
29840275
65417974
36221144
68439824
99109810
25969144
63079144
13463083
48718791
29005541
50477480
96920992
76634984
52747597
74412276
49612737
27032392
85072263
28611901
54052171
48712793
90639538
33625934
79582812
25014496
13652611
54804130
30122840
58038827
88164699
85573586
69484303
90402830
27836018
91112845
75145813
20349106
56419335
24354851
40679290
48907374
99051412
42621973
31827966
81719201
51515263
56617452
44808108
30176222
21196622
65409664
56709693
65369401
76783769
73323242
82763150
78505967
56623361
39013157
44157877
56639250
65910402
13205124
15912664
70561837
43255511
40649402
90730357
14072217
71991308
45132790
21576573
22826780
88498279
70102887
66443760
71219304
32283242
22898416
71851174
50513673
24490557
74808594
64576833
44119868
66731113
35190523
31630919
14530814
35318935
27874690
30807281
90412168
71309661
88280279
69679138
63739977
55070189
36089380
91452607
82509033
17883330
95643348
35132036
81837847
63894859
53808067
73421222
58585210
87368997
77480833
81449726
10493368
24718148
13632016
16979705
32664214
41688381
21832318
96359055
67207200
23695851
35146536
12957681
19530479
71138006
82926369
37460809
43793852
37355688
36710457
95591046
79351803
71305238
24295329
94160418
26019699
99455193
81705296
71400924
82195964
42781274
50884068
65828972
92727794
93962433
51846677
18251243
47612213
49107915
87620576
17491615
85429699
46127058
35188117
60423085
99907869
46246664
95515269
66280981
80902945
33175127
37350525
71412239
78211769
18990329
53491144
60086268
21132770
85966322
70207550
72999462
70811843
76120622
53799785
51569274
43334708
38026480
77301301
46273627
77872760
24873492
93963337
44360677
61947758
50553162
99653232
53883084
11022233
66934204
33049793
13072053
32234866
92621504
53256411
68048234
32275667
31850451
64172111
37490660
60950614
20654625
31668874
26592382
55442041
30295669
19483438
37266852
56986529
93977191
63965120
38748686
19785280
76077047
38359656
96447577
26272688
10450027
81711117
22450494
96125421
32915694
71233907
67449332
99194871
76878772
20760097
36183715
11862085
41085918
64126939
27173105
96492679
33805690
17404324
75754474
82228940
10338594
78342427
32679491
89377793
62876305
17678591
94807490
81238062
78310994
27440069
93830425
94023599
58317420
38690488
68912318
16783956
81648266
76824337
53522394
83762538
13761074
35098458
14359714
25404132
94611081
76071853
23206254
12324194
16884288
85494769
11424661
22685979
38366716
18582942
10064511
94749390
37114389
90951998
66851298
26197124
21797012
85045355
90056754
20227104
78760638
81540587
37553926
28205719
20373244
19154760
99276291
28252455
26338722
52967039
44732117
86320246
72295198
18243855
16735841
51083308
39792536
64623936
75144166
90197050
70660588
25201928
81206797
48640611
60625096
31892932
93972035
32062440
48856915
99508326
75840363
48714146
68916150
23382950
34268845
41009572
32492233
74296683
79852443
84274726
64177937
62432583
69365426
93227507
41747350
83847870
20714842
63275924
86163897
65019815
59046569
70743848
16533327
79567887
35927660
49010438
37689695
92370375
66419012
11191730
26958330
60535729
39389610
24216908
95622586
89353395
22975970
24006307
24525327
26803833
24604802
58501436
33241248
13938362
21493495
90394896
60482005
65270487
58114584
52360808
62861070
64636934
70833596
34909155
59770004
80452623
27398410
46654022
91605370
38435068
37360069
54917633
45737458
76268616
94361897
24492390
18439532
69128734
41822083
95669196
78110344
83261737
77254985
50461353
56539487
92278329
36331349
61554449
92333980
17445160
66960995
33015015
59297562
16569439
59182660
43013921
61752426
82264808
74717584
95312640
93095931
14956568
14571978
80044672
67388216
30162707
34789949
99794935
36349793
32350753
70109134
11134211
52562567
97057247
24269664
66363205
10954123
91412480
61793959
90461826
85718939
66381450
23280626
88379341
52334851
35276079
94024002
29505448
54325843
21652452
66391719
48996550
44179920
67698497
86631067
40604749
83430003
90240500
64027659
63477204
22603398
40729186
54211266
66170533
70101306
38779257
37715469
59760115
72107833
72699126
90939759
39764210
43048598
26648668
78242423
73653210
51399582
28450429
76088296
48242536
83102411
44438078
31617274
36580356
19811967
24776641
23276610
83587645
34450344
15084125
91678865
99869533
53914774
69117426
44159078
21804772
93030386
25011855
19882963
10551513
39849475
75931167
21949229
65836448
24952852
42651684
17500249
87303526
31157491
35403004
96408452
73628280
48099261
41017026
37217987
45722873
65178699
76749318
46321109
66995157
97933213
97415452
17978211
46618789
49536188
33071007
87046163
85144494
74099203
37510540
79915591
39255754
99808739
81027804
93573690
14754280
39591716
13999503
68973502
10334507
62483210
42680799
13980642
19189179
29819013
99182978
16556731
94543949
64512070
84185480
24108294
96759925
26702166
89480319
16825361
19404809
34492435
62915448
28051271
33531689
13399235
96566707
80602747
37295365
98618640
10178734
53274422
74508932
65636748
52719532
96346601
35023067
50002944
40639383
40174170
94732741
45374421
91755779
99160807
73568484
17475448
65146009
53727243
40637526
87981121
73876701
91812119
19504567
37512418
84449766
76330505
80115821
75402626
33445912
91001000
26957990
95154398
94667918
24138282
54075551
60494314
51910105
58054027
25907680
97164955
79688699
66583755
81295723
27121977
10754318
55020921
97742879
47502840
76589297
97142960
87559596
59101913
88233761
73973215
84505432
83503630
66774099
82878956
63745717
34695951
27807711
16123264
18522476
82853492
56107800
64736978
94843887
29568828
83029019
54309328
81446916
92332131
86266809
24136593
24797356
23895793
56860031
11535103
25781142
30357142
15869910
56470286
48327628
92791098
30763823
33506873
79706926
71066917
35706040
51044701
16074840
19001338
77592802
99658417
99809181
75941484
40216674
70977589
67727123
29119721
94360919
93730271
66085649
74968419
34117417
62689564
18967846
14585897
97381267
20703461
30921479
77267446
74447979
32121479
45391292
14561293
50481063
92244830
26472409
48027522
15257977
38101282
57424361
19884140
71713671
27648077
72365977
56718935
86376736
50606451
65652979
58839702
66103473
41714262
57091345
10217974
83318191
63176590
42596474
15899181
81987703
42992542
19726739
90624311
27465070
15486797
70837573
61011561
97003819
39640736
58197860
85152535
45167194
46391332
80576453
23022474
64757316
97956708
16875501
72690882
91746621
98172586
55007472
96502865
49224430
44914813
87352302
64538764
40149452
17815312
19335899
18108530
68932399
93277142
31676895
63565734
90734760
74484969
21606980
99598719
70507212
50988482
80561834
62483806
60131939
73905179
51479193
23870498
45783215
62026762
11947324
27995711
92545931
70491951
93031934
28295545
47365961
64387162
38781596
34502283
85293596
17497819
87943154
37251191
57795356
45297886
94499082
82236250
36951457
53629797
11215391
73057176
59012812
73459246
61519503
62676108
39401914
21108636
84133589
55958057
93999181
12629445
75202894
78744003
84981546
95280064
68477998
30653765
34618981
65283088
61114835
19973141
99902978
17210047
24049130
58588977
95625116
96931819
32323038
23210040
98932448
58754263
97381441
89597904
80547063
48706970
16684291
99446718
20995553
70979350
24055829
57067274
48011381
86690632
95536511
57386427
33576618
39133698
79198925
60518972
66895111
38463591
64293640
29653128
32899930
57380291
17595181
65915282
84368748
82986469
89508922
45610645
76340058
90783275
30071269
38728177
50777421
45153275
78027048
41618801
24390730
91047476
31602062
56742179
38060788
15228551
12684259
49500146
22567778
74196572
49181174
63769355
45358625
10935186
89663600
51760814
69114958
47529909
69808794
88521281
75835511
70686964
21393400
89872945
38299254
16032824
22272832
32649477
75834445
67136280
67917166
34313433
76921840
36135480
37324885
30071177
56872095
71891134
84152811
32487816
16582600
56755198
17426362
26200309
99813236
84626583
40464318
49346925
97984549
13118775
51581533
85606634
56896932
43917057
60566503
96411735
66969048
95188808
32045135
77886781
51069285
46164632
29781331
88877632
51042045
28556137
55171061
50391800
14275021
55028533
84562462
54291394
24115610
59152086
54102036
37206128
98517652
50425904
65305316
71334771
86899036
48064916
90330677
93789133
69510428
73382305
68024139
55871236
32689303
24542553
75642127
76112876
76934529
71025140
60475709
41349419
38046649
84388006
46424552
52395305
52650394
13738701
36516171
54257372
21473698
88384186
28390036
71347222
38898805
15395494
49026291
39487835
61894120
40151959
99094887
48177176
66636526
71076252
31155030
23556234
64926597
34582333
99034382
83875758
62325276
50786901
85354344
83786103
74301525
34649441
22132739
38257448
76968254
72041365
49976718
78125034
77167465
55045757
94862853
98303271
18565573
16850078
70039739
60784703
16323344
59925046
23485138
24831206
90371002
79116289
56438827
34742497
91147513
61676703
55610260
29178184
63035404
50895763
48262005
36639394
52701361
74132744
83985390
33020490
29480226
19195129
56848761
20695773
66612242
43691113
59702377
54273124
35526340
51280035
30290048
97740784
44838959
68676011
16579915
12657531
17172758
50131542
61455851
21440478
78164538
84063042
55317252
66449875
93585611
53148363
87728842
33928795
37115220
80200118
53872660
45607364
70586141
67157007
73105549
42893488
59933296
78716499
28731208
31771097
11066861
51774270
99106766
50187711
58032207
50430887
93178066
34256764
87649528
81834225
96875375
81687135
98406262
41093894
73049980
60764237
48137213
78649565
63970176
76560518
17188940
92169413
59537524
27314404
11028015
30295455
45480306
20836760
65855633
64169612
36355403
46537930
66609494
42452969
75770454
82028575
37869274
64671383
16437514
15399610
43913391
21566399
36940404
53568506
30057297
75940079
11334692
38403678
54872038
24021353
29655263
21899918
98157820
98665811
45955005
54151710
58406002
25814900
79044424
45085128
25990930
95897630
15535013
51763073
65420763
52481884
84855628
48821454
77012264
68026721
95506352
19284264
79805985
21772572
63705933
15119232
14955599
10495020
97394843
49830966
39223183
51721659
93464552
20968943
71531675
78276315
86732850
45235642
95142920
99974525
72825958
99480065
55112192
90145729
80226039
30186629
46933054
51544404
41354653
52177337
90767300
89984651
94308846
50890287
38300737
82121177
88276691
36929482
28703949
99329057
21193574
17426259
95395481
39788371
38510538
57268764
46697606
72265450
61968450
40647018
97913169
92352657
82770757
22865407
20003901
66527507
89199293
59677132
75027934
70982719
26019595
18147577
67293874
32438250
42119379
73971904
89130427
45189703
37346102
10716627
64060294
97266840
82264750
72547248
58147810
54564831
72553308
40780516
20925690
56723916
59155940
55152447
95206670
20377121
18937553
62357281
74512351
46603361
31233321
37744525
16553385
35526989
77065214
78746188
32608557
94309137
67693018
12468150
82799133
84317796
41522528
65384953
22638594
78463345
55967750
99723571
25103350
17777095
69152850
39909212
26114137
59155564
47428532
43445320
34494149
46083100
64712767
28347089
26312840
52490948
46079172
76822796
49426124
39965215
88512746
64158145
97674674
81253482
75491390
35650715
12042950
55686658
90589038
89197360
17814314
24316425
41696267
44928146
45306642
72273930
94895014
72822687
82750969
85519732
13492227
79164794
45882409
58737072
32114112
88515498
21886699
64206925
10842896
47212159
32927442
99165321
70624826
42149053
26693658
65421820
54630318
45775534
34473910
99869619
65578171
11431480
56987636
33388028
87005829
96936922
39805610
75289411
87091691
62283391
53797306
36731468
10300084
90768437
33824088
52654361
12323682
37636689
80909637
12992230
61774049
92522819
57217686
43134595
64580942
82908266
87245619
71344001
47833273
17315076
13358764
55730457
87506427
36463752
26253600
30680893
76280861
70201165
68038907
65453900
30164344
99423503
63723297
25893234
84027405
38101343
97370426
95278947
10407935
36862749
54218800
91746832
56490995
11979299
53096282
39675529
68557571
88308149
18175462
84132750
11191356
19827788
75854484
44424280
29134062
73777175
63492663
78868081
80208106
83538808
49641556
31159716
21753887
96812232
28731711
90910257
41028203
39229897
17847074
47459932
86399106
75908398
45236871
47782096
99128274
23096042
56873828
16476701
81774061
11333863
26979930
44355709
43637244
28014038
25645730
24631369
62874512
34865843
18121466
70745607
76652969
33607597
48022208
98886575
29352799
81393242
51757296
26509190
91233760
12915374
46643100
52435337
21552272
95434075
87492898
92294630
29523965
52988412
88189189
52599351
44755895
87176829
26277708
99801405
45187487
38307847
94095747
18485653
95645529
37072616
46964129
51450427
87912687
87754337
42204647
40905133
36360044
43363442
89657403
30660347
75328861
41553731
60745240
86563113
44561368
41570668
34319615
54423715
43372373
52077030
91044193
50297760
73702742
69967839
53466250
14310170
22371418
51797939
96515767
26418035
83603881
68352172
75542072
60291732
64125879
29120438
96762877
42634956
88687817
80951432
43911296
99569890
65770796
42179373
48154317
27591459
53596931
98036716
75012862
61621619
77163150
48652847
28924908
77210421
23629334
86645618
38375527
31227489
12298717
70107470
33947930
97243560
80004640
83116972
41060051
57426940
48417368
56358078
76569548
43072449
42898176
36026226
36508808
91272643
82232930
49412459
25816772
43237589
40896038
28618713
65136480
21150801
51753583
91537389
56607148
51096847
31510110
23788431
59117989
80806098
30225150
44563521
33453155
46976369
89850637
25738422
18140085
30722581
82805572
74241323
41582140
20371653
17214933
42177147
83267321
61572509
26057791
45824582
22003446
30898475
92983086
57201961
30745293
73091567
53978435
80498457
84858628
79633138
63563740
30830890
58409388
78196604
74307048
86010206
84283206
90565575
54954190
13245245
24890424
49526669
71032272
23634109
67724212
59683739
90656685
81250124
77717586
63862698
56349730
54113544
44750986
38211890
37051884
26957318
63399898
80335277
64719992
70045526
52880221
87268130
21715835
98948939
69106481
25102672
38555667
72793577
95633010
66227884
48573891
41431495
39031829
36072884
33617771
80361245
85005441
66664818
67112301
39159376
99889465
18246716
55206985
26122470
65069147
73129489
58387151
91033112
98547156
98231210
50195963
33640330
91650186
18664916
67458084
84236251
99734474
59144855
56436123
33723734
55752608
49225307
17266277
70385773
47274173
44858163
19827248
90271913
11568397
26519335
24391264
36714523
18591368
17051296
82473991
58423758
51529772
84857841
44607631
31520467
84384087
94435935
67803296
96770910
18038152
65102092
57354299
54137354
70952721
83948692
57959209
46451645
61792500
49545117
85896742
43016262
99445499
81555293
39409479
81093559
80673274
48412044
31171560
44390360
84513770
26385455
37312749
75720872
72933952
27270616
64417045
59580670
51656154
79359975
46460104
83342760
88908846
56598398
69571391
20408979
52209605
53509582
23450692
82618802
48052124
41826027
39590706
77577950
14641759
42399247
44842621
85108654
28666901
55969796
28912374
94553148
98314222
62764691
10087704
84234210
43745778
24301669
20420587
11941720
11618860
10951203
59101968
47094758
29181476
37430326
22453092
18201634
20788675
82208366
85166133
67442101
45559374
94808011
11431790
12830433
79051720
72248547
54212142
89505051
79125188
85605726
94567789
10906212
60611505
77631060
84227123
26597114
25136653
50044310
63166366
10427528
81273409
69215008
28602064
73985353
30313705
85601885
23404109
19413463
88975402
71358976
58439348
16036551
68556576
56900369
12706944
66011107
91167112
37474119
49640877
97526524
16585200
45661684
39271688
46698350
85786728
72158756
92678115
43612853
63020921
21239717
51444879
13068004
27428498
57158886
76427673
54841775
35354697
49292785
36612393
82233280
98481050
49201052
19708332
21627435
23219039
77276046
74189798
80843937
22161683
91293905
94374267
40925556
58449268
97175156
87122479
29286412
24657479
17931157
70018507
64776764
65199400
24293872
57627213
25296702
20380493
89628208
68739025
83425161
10698638
68161798
14731942
48599038
57336204
16959644
66221877
32929044
82054857
54556080
71592558
75564450
93315989
70846546
79073653
13708162
72094600
57412455
88458690
52562569
17431740
71810524
21974188
23530890
50496735
19777168
62675050
75055828
45338749
42399490
40946512
91656565
29833225
69616422
26164329
52888427
67749180
41078831
88769946
10925626
60115638
94320980
25361622
84841241
42690889
13150140
83263353
62469568
79858863
78465159
16544102
39215320
45882617
19656391
90804247
22295963
89520326
46126243
49972472
13636966
80513133
10188280
79283798
53261714
17162300
79321653
17287758
58854896
18062440
97426165
77396783
16791514
13811130
77800589
39096259
80609768
33881523
94139361
27269838
15620922
95794518
59675441
70840947
65480780
40782244
75413104
10361461
87194034
46488673
10282130
72265714
50146680
34346218
60479805
84326805
37745414
29794875
14024217
24764435
87186388
60427018
93598633
95612578
51189804
15281876
41841000
12474014
29768550
63123573
34129025
79343040
56554702
85210191
64577901
89944028
33571283
94025678
26864138
16607826
54808034
66795852
47697152
88891095
36893020
67261180
91454058
79414493
46758321
21209059
28201757
44883505
44992062
23474342
38910678
31894746
84510128
62550930
97290538
15187621
47074327
20433106
83685918
18095760
54593815
35502118
20150035
76822275
79016640
22540955
85680781
52699840
60525879
76572257
96835792
50237322
39587163
50603398
67986765
13877555
44951941
72193620
52686001
46070335
31019596
49093350
77063479
98903981
19866432
33624082
45211079
71084315
33733678
86912246
36586493
38830690
91057635
99336261
98362310
59514190
94318261
29669318
84242036
73652349
16496754
31838532
44773959
24329855
41166991
51001116
17835000
40276824
87621159
15278843
30080793
11202999
75502798
45553181
31034059
46157953
92773390
71837262
12998765
35069490
56241055
54025024
54649885
71836087
55689801
74590566
32205997
84493804
35739679
59615243
53640638
93381461
31150795
80688464
41176937
62868194
30921383
28616636
87780376
47067415
86581708
88623463
74015516
30248291
51855392
90253239
59958273
12203933
94975403
51509390
43718262
72674847
38005115
73857812
51793569
57056982
57814244
68745365
85375652
94607559
34359165
82060144
67641417
42171417
53525228
66684454
19541971
11089047
12502862
99411295
39827422
95104453
70319328
95982715
24045573
26543888
53175395
60937256
37314119
11089885
86012452
89567590
78496006
40237309
45513552
60502646
97581473
55049032
70847403
33936050
76868432
50670405
17452999
23884159
35218778
96360737
81019440
35740557
84301707
35320555
48630005
15825634
38328833
57339416
11854820
86383696
25819489
96020556
28876608
57265215
41342948
82453582
44150802
86793831
67420022
48771001
66342219
18860707
80130598
69447886
73205688
53932799
39465963
40779007
13230980
62397672
31484358
27749575
62146052
15813412
85266153
87726915
26083308
48223974
29675489
10082655
17452892
14830174
15862730
31977402
95565432
80902839
82596865
92469630
25276988
77959629
15267662
61677201
84884958
53732133
11983879
94173407
96466475
23238281
96340021
82881120
43974178
65363794
11236159
70953328
84693095
59641989
42083052
97275297
64089601
45027391
87561335
87442046
96225295
40765940
60135750
65723197
30055228
10317559
47196364
41517107
91624840
65542365
71870558
92405760
35722367
49357710
53092164
86569887
74361184
69186131
18456969
96817322
88352529
32758211
69634537
84812021
22568888
23521686
43500799
11125582
33461546
96614748
32797317
98224291
43573935
35227079
66530543
55387003
51851956
99136727
26131519
87223841
74264549
14549709
95996353
56881893
21620872
14595180
59354723
37165298
46984080
72749082
95185628
53218603
99014349
77383167
15141149
58706115
30757050
86029142
57389043
69114503
24289792
54607202
28508328
60604436
89215614
83786054
28122203
47037115
81966670
49768780
99071408
44634650
19065335
70469470
16761991
97499523
12494878
78395151
13535258
44773366
48156330
79507558
31528928
18057102
96171110
18698061
97840505
73222589
20996146
73860362
44778137
67615635
82936739
66962537
44407010
58452961
55291018
88981471
41039922
69331922
66680044
65551112
55355752
43949831
25697794
15916169
65544919
78007871
60280230
35400913
16868501
18613347
89119888
94317411
19657497
66347951
68131194
36383565
74156368
73192581
23966659
27305989
73088302
28103713
94372234
63956800
93972748
41655809
59410186
96606585
23707262
64467556
44591739
92934960
96676967
52320265
18600016
14814849
47627891
80972296
66181730
11226120
66653055
78763291
14355690
89052444
70880446
71698076
36387600
83529073
96099971
60679026
95262909
48522284
26346609
26366938
39777434
14407279
55714306
85878482
48282964
16980931
23394609
45322962
73143047
89972784
94053781
61720786
13682153
20458674
82283254
90699418
65295537
93121242
31512205
25431767
57007075
48012391
78019585
63869480
69853781
54859350
68893033
49671339
45069190
60822427
52831027
81767604
71122044
87992588
43545863
44681550
17534767
76401337
84286995
32059979
11349221
34528557
20814091
85196311
72826072
89553495
66288244
53721322
66423011
34312909
13094058
36231663
13927200
19750616
35489121
82370564
43543373
56239219
21162894
43872940
96367174
85586978
98966869
39258075
57840276
82392906
67184910
48121050
20545554
38504803
74630069
12551681
23504241
80414845
55789741
24650376
46394291
59657389
79686757
43061858
70733418
65841662
86267470
86927478
59269555
50554863
38566517
55954421
78358798
59175021
63764407
80565912
58771071
93480350
86349869
96054630
30323181
80499215
91826279
17960995
80257051
16935709
68415133
67152888
82208039
28309043
24066916
63515856
61548078
22786400
17704832
35971942
75680120
91961817
37041849
33352017
70985453
56228132
56602352
95201249
92870139
61668455
62471467
65208073
16982273
23196123
27001515
29547422
85620328
67603081
44020823
97243106
32735307
82262807
74610725
41410291
72626124
56065005
60783243
82235050
61310944
65432696
54754191
28323071
71739656
96389868
75046988
36804618
30851325
67789799
45851943
63140671
21526158
95510203
34891183
75074601
29215636
70829977
96821703
53291431
45815848
18601082
35317454
98917875
82568609
94991990
33676490
60542532
74817395
58505784
38757173
42192480
69640517
51331511
78670631
56416936
21013753
47843085
40681004
36341008
60336195
47083521
31299951
28438382
60368576
39817063
80846764
94252467
57291691
38373875
86457763
97406478
82093719
64289827
93655852
67062365
48640447
43475559
54437392
45521803
18218343
94077276
20886902
93578686
10136912
73803834
48616534
14896445
27968212
70693247
44270461
35586194
49035447
25236248
30755454
59370970
96816688
42650575
69275737
50287985
70737943
18368578
83441152
34807763
23775904
58001651
11965946
70137471
49927177
61701166
76108153
82110092
98667090
97959422
99892545
24050006
26070449
61262110
75823731
65157620
82245082
25780829
24128085
68691894
61577882
66395009
95340496
27103732
32253591
54990295
99973333
71264573
85055492
41033272
64075359
25351242
80222583
26031547
42762047
66940577
95849475
37835457
28691169
49828614
51114085
81108770
26441441
36209159
69448013
47452932
11877738
69744246
85842141
45842275
37256564
70259240
29586420
25582366
50016644
88816795
81729652
43714709
57161164
75569944
28623663
83601286
52486264
93833349
60928765
39098364
72819683
16347061
83473573
57224672
23232291
64394248
67338395
84385422
50557464
88754266
69178470
67074691
17903094
73525267
71028911
92528410
27073720
95635314
52025469
94416917
52953718
53275938
63145406
73849854
75311256
85475404
48310492
97226173
37090839
25548542
86138735
51120795
17580088
65786270
56171282
89939390
43177744
59887038
46186527
61183827
68716766
43459677
22958863
69774414
23691065
61030231
67711224
83239679
57941351
59731961
18434780
23889498
66418860
16776604
35529569
91265184
73445381
75271414
13667423
64656043
87497219
43508597
95096406
35571826
94441546
40006108
61468633
45465331
13313238
74425768
65821439
23168483
59280378
98466877
33808338
91774869
21187691
92941293
25248211
63334646
23797117
64337457
98364689
43357498
82075027
58337441
70124415
23316385
99974181
25051718
71588433
61365933
68218372
79449930
30460428
43029641
32651767
67999022
62304838
89488772
10946999
70718984
81469560
13962539
90993785
73644352
49022520
23693803
58943568
55589606
13252731
80663932
25841627
56491836
32061630
46549199
80908198
77164355
84300761
90313027
77984451
48728964
29915794
31901091
98321203
10675945
39820791
63070908
81525088
66701179
76310092
25725716
30251507
22526667
10599732
55568487
46975431
46249480
92578072
44132400
80564042
54482888
10677306
34656424
31152870
94608555
91964251
64942710
60775989
11580097
32741969
34905205
40123861
77107735
62365864
78579203
88863768
59884832
82899051
85492586
90025781
12795029
21658834
54027160
37121948
24598563
29512071
44255913
37287448
27126874
71661995
13342888
10634255
55516429
84410267
80547911
40267010
22191693
44724001
82433123
14329316
57394202
61641730
87853327
25537252
58194978
80850328
77146056
54330349
19458001
70778765
86353656
46627206
41007396
89727569
84378882
93214140
79789658
63522522
16558777
32880647
10417805
30533749
64470844
53401371
64437832
78270044
39611844
53129387
28835708
74704134
67837766
20467230
44336613
27198536
56581802
82208178
40284426
82084225
44362324
95816499
32492696
74089695
66215107
34077629
83800836
29585514
19871026
92080887
63642377
30029021
33995102
83473617
22138144
44758433
64019488
25250412
49119318
93001954
32642594
36933280
11318258
54788669
79715873
23034917
41484937
92627157
54352976
41337776
24877129
29143507
80967418
18843461
28810995
70774903
95140728
75861502
44093896
97668965
83214025
13569662
71098969
59191187
81422211
49658441
11040763
62153578
29025357
94881954
85203024
39666016
79005899
52053029
92882415
81239809
32789760
40374899
15748770
24498949
86722063
75952700
30668935
78025841
78481186
99938272
46204060
31295219
16671788
47508562
83694544
74976991
81714717
20998859
64941639
21864209
29572844
71052414
27101904
46927823
15859709
85036223
73503760
11423584
11812291
80649852
48958034
83647492
12854916
47001721
54738487
57690358
38669111
85207190
32648440
55396401
96722433
67013228
69575164
63103516
71970003
43246846
55731391
67496785
16122667
61449992
53246388
72847612
15031565
70271646
23266284
88271071
24977616
23175848
61738763
76493871
84752325
56052364
82561573
92696328
70270262
84403720
11139787
71275240
48466070
27202198
37981245
44315302
72814196
94653609
99790632
99665348
99113834
38720460
65051394
67229992
38601904
23156914
66178149
83050708
28870635
32889525
64198472
37060632
32589265
79277611
16563914
61539116
60964049
30351234
99649862
58403588
27284825
94985790
49865772
92689806
11641133
75751706
92773667
16085281
57623700
43171118
59278608
95386414
40593404
71096968
25078459
35289946
45071501
76763916
83559433
70494857
52508975
92066710
36628798
39159998
48428232
37607818
59660956
25027562
93696449
98871431
69297630
72730402
78585925
35110591
81297195
39867593
25011913
42329777
57613522
24371203
13159435
34652721
17091672
13788933
55566967
65435991
38639678
10214469
29428066
12352233
72832523
11208883
38232648
26217296
48313526
94442454
84832953
82549701
78607435
76669557
44148525
40016451
82806527
95603416
40105214
63315976
47471085
18432427
56497347
34210176
23436828
43832045
14663350
76226068
12142264
24603633
82134318
11596322
28508731
95449871
27165413
14849651
15919610
40836306
20997202
30767647
77207373
35217962
15012620
35037466
64282168
88948395
58353858
55738221
51598872
64039619
89117413
18630796
13289176
67766052
23792521
25188242
68665130
77192471
59680669
26227756
80047799
39872131
12693265
41785596
36667961
36205596
76941315
11457540
88331538
61952509
43007513
58390345
82995623
29374129
25387059
47079367
72757915
27462156
51007173
44395449
37644471
86679672
57695019
43349409
39788559
93429954
83645319
67753320
68815955
75004341
44290598
61394037
56134017
58820198
71844526
38325165
16274929
63045387
76162231
58802285
57667928
45998851
90415503
45341152
47438913
34373829
40839172
25516584
28772930
65175862
23415321
51603410
17405172
91640178
46008365
70335537
25762743
61879547
12535112
54067257
74584447
46383022
35955760
98648743
79621143
74118613
76607176
68326344
12431978
50017324
71193495
34280509
72842796
16789655
45385786
46041029
25043757
65615754
49445660
89653523
96141115
70007693
61833212
70744146
63600968
10744676
59642065
99153848
22790994
98917541
96241750
75982726
58151083
88728388
14556860
98564853
89742794
61774487
11998556
56008570
79653277
44179956
53346542
61536649
96310355
72244061
13760416
37255648
69701331
35849289
58890241
95299332
17678972
51555523
26512848
56915204
61406512
58468495
68627260
84059311
74781166
64535083
96496760
26490095
75271282
14290044
89745011
52275480
39670184
11420470
28752082
89691685
72226602
30805918
55762919
20591085
49956840
89567176
60952537
65612707
98123452
30669842
85653012
42166375
24753159
62490078
16734089
87149767
13743088
81984897
98684487
53480606
78116358
76758521
69686761
46120638
68552350
84515282
97295737
53021481
12845497
94991689
18835230
57811981
36869134
68019661
98795577
25401321
65685905
51333781
77088023
92017357
58459572
88420196
82114745
12186973
82377052
45926646
83285544
12752201
46247303
55088557
74229629
71554269
47437604
67883226
96062490
53355078
99445936
13699754
61962378
37350162
86730627
91778016
23862397
92915580
45934428
32199486
43531338
34355522
57660468
20765763
58834428
95215975
97767664
93697744
51508987
17802675
60536181
98546224
29616574
22460865
73053569
23413954
75364707
65092136
22594225
53335268
68587015
65158412
62800617
28386341
29775913
39416924
68392360
14869247
74816530
19082158
70921009
48396061
32105701
99131471
88497021
73376895
91371973
19602662
75556774
15379898
59134770
83222916
79819014
10558296
73201812
97440952
62816904
25575569
14605772
54608919
78882837
14286774
70728062
91176264
85188211
98305391
46120451
26077651
71349869
55307522
38602525
32589942
60768163
33794373
52368742
69068225
83349159
61402406
22657988
28258321
13681553
84197538
68163531
20056355
96509138
13465468
10367658
93145203
90828120
13032417
59119393
96002215
67181621
52930101
94805332
55924750
80137626
35961279
69350837
76795449
25783037
16139642
47611933
87399595
33765227
69563567
73296006
71436228
17002496
31024061
89086512
27675191
76377303
70661628
38809150
31502632
29681522
23014103
91049995
25399954
27516105
98673292
21337532
86007834
44601460
77194417
75021159
22095634
30109751
39326756
96528987
28495214
27718454
74368081
81266902
92260080
27515892
39314152
15547619
19584588
34108688
19559708
76751650
57210960
90402214
27678359
22150988
85723861
18663616
98843172
85506621
50540954
93353309
47786333
33016370
35592226
95779016
27782484
60084594
71385871
35975844
63474528
51177595
44904381
29727680
44828140
55146134
72480800
76461349
28680244
23294064
31531151
91705442
91777602
11656857
21412011
60533386
20377089
79456330
54881593
50724115
88680077
99644295
15674304
11774593
51504747
66862865
15767602
76142238
85053466
74082933
21835984
99231654
32556443
24609062
50768176
51448062
19346333
85789563
74805820
78452137
85662114
93064971
27165104
54060579
55755600
37613090
57276842
44347726
25816713
12079370
17678738
71838401
91979490
64172674
87102872
98587313
68079064
63359089
20984516
42205920
63497263
38144659
44968409
70330810
78780994
44566357
44936034
11885767
86356436
68589488
60424196
36021313
22292772
61532550
50175623
22239182
96100007
33191620
69997594
95765371
61364942
59381059
45048692
28702482
62317011
26943366
92317043
51504705
28516214
84588049
31162398
20501827
52385556
70674078
69176026
38868255
18979629
55809262
50365818
61563837
88057037
56193193
61559624
49797658
48987191
69942977
44728755
95139450
18214513
54882574
94587470
43178897
38144197
57659783
37080337
84175903
43445605
42188991
90386988
60642811
64747793
21498141
95981500
79786932
23510206
89310266
68963883
27656554
15445358
48543809
59137184
22325588
35424743
93001976
25368087
27933647
76179934
52265282
40597458
20855355
63191379
86266564
66827729
44170209
93955814
94172585
71302741
12704839
27946146
27404142
10326816
18903271
79291375
78240756
74499690
46126121
83244106
25917928
96493120
62911104
44421108
99943069
99205465
55130762
42559334
31972704
80063485
90956191
81021058
72525599
94324157
11007106
94696281
62088514
73628330
64324405
56558371
60150344
19425245
70122814
98334959
58255204
65710394
59816565
59884470
70018034
61539616
16620890
37242321
63830959
87240045
81452513
17333935
31006217
60115969
77111746
52715851
38548983
16126250
60110734
98274966
33557462
80999438
18613394
22494075
21138236
73009759
21931724
17263840
18997169
89341379
18790730
79995024
68860377
35059509
16801193
76311108
50024207
82912391
18311032
48903563
90980458
79240017
79319029
70343318
83863872
12369306
77860776
24929261
77427009
34227761
66998885
38387433
46210755
92824077
91594665
81995972
89157554
31648119
28597959
66732420
79694467
70519670
75704598
39761862
66299155
72404012
92010120
79555703
68010607
11347841
53514240
92717595
11962876
52480783
98893225
22087628
13194834
54398293
97386451
44118143
57451053
78877308
79503460
22789508
71498621
52229023
66045955
86748079
16745949
27024735
85079100
41710623
79527517
18886092
50334652
28665040
21176639
42728615
92161618
75550269
27411961
60203928
48108857
20568640
39213887
93563636
16924858
30365322
19930093
89421674
28205233
48626745
72113649
59108537
77013823
59241146
77593834
40960398
24315358
17805599
24092731
25773836
39846672
34575470
81003648
16470348
80143093
54601161
62623977
96552623
45733655
73953324
53815218
14718321
19482117
24668161
21267148
68143499
61388689
54890901
51927222
42338793
49283562
83545825
17044081
92492696
83453601
56042033
25825493
70938472
57066808
96431230
16208688
97513586
40602206
20669581
42747601
18708663
57954196
10758723
26458188
79003157
15581038
31201775
54197829
35444828
82061163
61415332
47152794
94771298
28094342
39131655
70645569
94093171
68951014
10968654
24669641
76142722
23633654
90410119
68432873
44534611
85362764
12243524
78891152
44498350
55907019
87617307
58044000
94593640
19776081
32630137
86282865
79373185
25751624
87048563
49513575
24605754
45552540
67327283
25307529
45429664
21185532
13234041
27742457
69910178
30232870
42505245
23444820
85754502
87670912
16443437
18188017
92624535
22037740
36764858
76245483
24115104
73354493
67987536
29056399
19269605
29557899
17854528
25752689
39387346
52773057
97410233
25218500
69008506
92334939
82422447
71026363
89515715
33057005
62289936
49023291
41998089
74687906
25661411
90743024
29288940
99058862
20421098
93595297
43455120
44847422
60603598
10188806
53256999
80548198
50811089
58204271
47233332
67923003
18650004
58924548
79982000
74627745
52936222
51971118
32934592
67389260
55351236
78030015
47190758
39985394
82189410
78130422
29837305
27923703
23201915
90285729
13651696
77337146
27583345
56049524
24104079
85651449
93950913
75582565
41915084
19949498
44418703
17646049
39053620
55364389
94552932
31934696
85976268
38455091
51088990
85631375
83260957
49861972
90512179
71259566
72025030
13371272
51850706
24000630
37587099
71623294
60607262
82781238
15232024
97207622
47099030
32087623
84304452
61645997
11461559
89851207
95591047
19950794
62719885
66722913
39232255
41820556
76912654
40704182
10898409
16776272
95765973
15152569
42075274
66094542
87172963
44939910
62696294
91024861
98435918
93446795
58457955
21781340
42432001
53321888
10809114
72992796
71979662
92870804
11837857
37441304
37004779
24186928
62847346
73480959
81443418
93865431
67369277
39970771
81496283
99948625
31012964
37495007
39568065
50596615
14475491
60193248
16881489
77539392
42205143
49299551
30777637
26833892
69942647
61259098
72403917
54685884
28215146
60751010
76651401
72027299
60728078
12827975
35440152
42666352
56492155
19543823
90829382
81845899
54467113
70761563
30104319
81531462
69246494
88552521
25528114
57130688
94286359
29951132
90148482
17745187
40059598
94313296
32853363
64176523
46072908
92353396
52717998
70451778
88912380
34173086
17578248
51530114
10860802
33974418
72841879
74930717
98714417
22052771
40128411
72388283
63444768
49866541
60064990
59426289
57631077
82195164
16015009
84360186
35323012
12436740
12953131
89580110
73275508
41237171
40956242
50413182
79316935
39622623
15773151
26710282
17592732
55822755
52525809
18744873
80830084
10952014
47619368
84448084
79450974
18000300
78281694
80634004
53487846
29721440
84507615
52675060
10468590
75575938
63463806
45045991
30249973
36548443
54965040
91816145
29563109
28094511
48053343
85587660
24010480
13117189
51316409
35363703
14311629
69516758
41133461
90433222
33696657
85466381
23396884
77709781
73432915
37286645
17236430
62361360
61507299
88145304
85365552
26860966
31365739
59584918
58529132
84008971
95992478
76069825
80934070
50511359
12298535
43489334
21588826
32256837
96435009
75454072
42946487
66590465
29051311
61104165
73144765
35499974
49230613
21183448
71646566
79561763
19808439
54386233
28928488
52226231
30312136
89748639
46598302
21261999
75824846
77374287
26196652
68119334
53314055
82608699
88735269
21124029
25117843
23467072
60540832
43769154
18679877
98963981
35424421
23620778
76947891
38049728
59633796
70739983
53200453
21075157
73333075
57645778
32982956
29335609
47733665
22937402
24546927
80167791
91931112
46751800
33149552
35348624
30408448
68934600
15180403
39611021
44523883
69643011
17847189
96477408
64963656
74352241
80325086
33097022
59505673
61085798
51392936
44487543
96566862
66744484
33038913
18070345
20998010
39661840
53470594
47170135
32643862
37651022
41970236
60353346
31516615
86334005
20831379
55030166
94740454
50180207
43132144
12501826
46490996
33866453
27615030
28084626
21785259
99672217
22975499
25658817
14504410
76463313
88192257
49392089
35212215
71956613
42007504
64362234
93139242
54759324
26673527
58533891
49703785
45574270
11234444
18277579
20117645
30697613
58056970
26882033
94197161
54917905
92010674
78362628
37954753
95934148
72622265
42263029
38241724
51459286
65209438
56925493
47027032
85608691
49427332
63284740
31843406
45620466
35735898
35100171
18981142
70256188
33551538
73834761
25532328
63743824
50956774
37657253
52922454
75158762
62589572
81283163
48181633
10183653
21161301
46055785
12198319
29406836
96135334
62350065
33383587
17306959
89401464
87583921
49828441
66857378
47872790
25267158
64356900
12735737
27674917
24064296
66334770
48438085
88526114
47187532
58904544
40896238
23654115
66914901
41895683
66051944
50353127
37681652
34055967
84870043
74078676
20808324
96076090
36451782
15529512
49895000
15590152
89340777
48100121
85876808
64718312
14899586
79650385
30529540
71372697
74891186
65188910
58152474
82401085
77928780
68922861
59165938
37664726
90961949
64302000
86437390
24206511
95580977
21164998
91304907
90506574
35696334
77884709
63748136
62624610
31224233
52347742
25388360
52053909
36620531
12533356
51286937
83656345
94262911
81706047
22455618
90578002
95205344
47718604
13326881
16128286
48295320
93448619
35675639
18641140
92556230
84202495
89957023
13297511
50498112
97864271
37005964
91740029
38664547
26896693
66493931
44008303
21573576
24477759
66413209
52188428
98350453
44015619
18206280
81138124
41407115
75563535
94240949
33994247
51592208
80884705
55399623
53367601
51942343
34353376
56644871
45752411
52826657
28031171
91912147
12213392
31553545
66444349
47639205
58597566
50452367
74046724
63120699
56443823
53861797
44427180
23018406
47746489
90756187
22563961
75651404
55058119
91278768
23432385
67700194
24724155
33932318
88037728
76367570
51765585
61984985
10254000
94568070
88278419
33892222
56627338
81469578
15909962
25428871
21144779
86457496
48017254
51782605
87001012
60599015
34447348
38768977
69986517
72198737
60276428
33080951
59457433
67484410
17588231
49902818
93624008
97595910
43858179
27157844
41644216
96911672
68050817
30517083
83805183
20515592
58651349
60887333
49114059
83721323
75463246
95143375
66987357
98519034
65788747
36990441
37751867
79528416
48933011
42195055
30572077
90053601
61746477
56011465
36417184
65124887
81520629
30430083
58197082
92368932
80342470
11030938
22880478
82508066
56017534
81116025
24356599
80594938
17133862
72717956
57261357
21382457
20322088
26734058
90614945
67603326
94722594
83062461
76009055
36715492
69222062
81377648
36792525
18078830
92430532
91767942
17840294
62442420
61011469
19850544
90490729
61179155
67541450
92817162
36048050
46439464
13451519
14794009
55384679
14003941
27061539
97538206
53282954
49979945
72777295
86662134
26135805
23067570
41626419
87500577
11739218
44490608
53049509
25634922
95255554
57721460
94645302
79033731
67403169
60421324
89502968
58302856
85751160
91490929
65148984
67658567
74420101
88546192
48076469
29324235
56764181
76903836
46195218
75929561
48883041
15071226
18720688
72647333
18808055
37757254
23597292
31738940
29132449
22344121
23220883
71583278
93446977
83321347
17817158
79685161
85785950
32070815
38792553
75069766
78097775
77252620
23159280
54666946
98197705
69756814
31469324
70838085
88123895
35302506
31959643
75029573
94821411
17696138
81039060
51883550
34177423
60608268
56031708
22014813
19759942
59740528
41296267
32939281
68175629
40604630
56544730
73772012
48814167
86588216
95830176
52870714
85610639
65682707
92845089
34467116
21890279
67092977
71758392
45801157
93023920
11618246
41422784
99648887
84827340
65669614
24441673
42937934
92146064
15243143
76282306
99121991
24340759
53114560
80576297
84838321
51941796
21207459
25647070
62558749
49609542
83079644
65406987
91491886
61408361
81483721
38016660
73532347
16225107
34406144
53396868
94305375
16048259
21422951
60391479
25957277
27025829
76931156
29963349
66381149
71203932
39011121
22573864
75571764
53303321
96517640
22261194
66357629
18277944
75993058
81524687
25561129
22381117
67531049
30672212
87410767
58408663
91784017
94830950
10143878
30501649
90198930
44149373
40527237
22772306
93308495
78912594
33455747
21355724
76782282
13781303
12936981
79530694
48984790
70352946
52523144
16953706
18034284
64045077
18776148
57426212
44493105
59451029
50364075
45237376
97398241
82349025
45356189
51735855
56317051
56585961
17237519
73599833
41778576
91993557
31046667
54913265
21232301
64490288
57500811
14180395
62766442
41825841
14919341
55004746
83487173
61318079
88483065
27958760
72777923
25951334
39666944
13939869
44349321
92184724
48479104
32485467
78793451
82547037
29621017
81868402
27055995
82902801
30108960
65315324
66326663
21090649
47139817
98108988
26512281
85450629
77071256
43500526
42277339
18592791
87541678
63398477
43723021
12464890
39727882
75301196
30302171
63246084
58315547
31141575
54682199
51389689
99079933
46804041
90935229
32250058
77937836
22133580
53992062
45753584
15482305
22357888
92955456
64631623
85879543
64476714
41680829
38753097
23169824
77851360
26636214
14224240
16848762
66929840
41453414
37123483
22725674
11062844
90440417
17577067
72217480
16092292
73900160
74435312
11144530
14839547
27472194
40449074
29538788
61651327
45379649
26418643
92510484
52653271
41700183
24407587
34142743
21984967
51322547
46302205
96054972
26940608
10254435
52303853
76730212
58790474
50574444
96090554
56167284
76401983
93255572
23537946
48859219
54667001
30575892
13865959
95607956
79898999
86787466
40063078
46832661
21986025
22080158
42168466
55335960
38428762
79110027
33669456
63606527
54541144
32204310
93295251
53749916
22828865
10188118
41628417
79493167
34153069
80970353
54896580
77925382
94146056
43435343
50274601
38408310
51602328
56435865
86422877
91421514
28094465
97675600
90129830
50428478
22434453
44073658
58711944
48441160
54057661
64182867
91326229
49372387
75543473
50788409
28897733
51050055
36280359
20958199
35581816
20056964
71305090
53482092
23393025
65545467
25664163
13940185
74468890
29854646
41813014
59624727
99823909
85140480
93271653
47522505
67676363
98963498
35803953
66514655
87222110
74979199
99396532
93987235
96011352
76426468
70279515
31135371
39135420
91339847
81870887
97528844
75599776
62223727
66578314
84118401
46275296
36483066
73683929
53579147
98366383
88842956
21604936
76435820
53088483
29249978
87729493
73183293
26554028
